2.5339303
2.6507268
2.3885548
2.8469589
2.4614193
2.4112704
2.4493659
2.3658516
2.2928846
2.321067
2.3617015
2.5150523
2.4614258
2.6649652
2.5603757
2.5002842
2.5781968
2.5969222
2.6816585
2.546652
2.4252474
2.3817146
2.5283422
2.6440816
2.6361203
2.494848
2.7248657
2.6776059
2.6223419
2.3670168
2.3813038
2.3677974
2.1718621
2.038248
2.1460938
2.0803869
1.9831923
2.148109
2.0804598
2.0168052
2.0194774
2.0675733
2.1544964
2.0916896
2.2285988
2.1453636
2.0661826
2.1530633
2.07766
2.1206005
2.026778
1.9032726
1.9669513
1.9896598
2.0786
2.0292618
1.9973164
2.1904886
2.0797884
2.0886338
1.8916277
1.9538344
1.9634632
2.1642363
2.1746688
2.2196043
2.1342535
1.9967391
2.2303722
2.148379
2.0555115
2.019011
2.0367799
2.1032703
2.0419507
2.1751857
2.124218
2.0529501
2.1564739
2.0957606
2.155317
2.058502
1.9517812
1.9939982
2.049301
2.1491024
2.0972753
2.0624783
2.258586
2.1835454
2.1868672
1.974457
2.0166023
2.0260925
2.0241148
2.024685
2.1378257
2.0646641
1.9147164
2.151984
2.10943
2.0348985
2.0280945
2.06677
2.1447663
2.0840704
2.223861
2.1677737
2.0895376
2.185096
2.1110234
2.1627479
2.0565133
1.9446946
1.9934213
2.033556
2.127925
2.0705311
2.0301495
2.220915
2.1338956
2.1359043
1.9275212
1.9674932
1.974519
2.0717738
2.083718
2.179023
2.0998707
1.9446195
2.1904032
2.1336837
2.0535653
2.032673
2.064542
2.1365967
2.073488
2.2123797
2.1540484
2.0781593
2.1735556
2.1030803
2.155093
2.050757
1.9367304
1.9839257
2.0247324
2.121392
2.0674396
2.034019
2.2311988
2.1515546
2.1590478
1.9572893
2.0049224
2.0180776
2.059141
2.064655
2.2156897
2.1341178
1.9698658
2.2269294
2.1809282
2.0992389
2.0746684
2.1097558
2.1886802
2.1242852
2.2630446
2.1960435
2.1169696
2.2090926
2.137314
2.183022
2.0789232
1.9680107
2.0245323
2.064631
2.1659622
2.1096253
2.0666456
2.2616067
2.1738088
2.1764114
1.9627069
2.0041502
2.0087454
2.0907857
2.103004
2.1916883
2.112546
1.9440871
2.1959217
2.1466815
2.0646262
2.0438397
2.0774117
2.1507537
2.090518
2.2335944
2.1783693
2.1020494
2.2010322
2.1300926
2.1824722
2.0766647
1.9595902
2.0009527
2.038357
2.1375117
2.0777647
2.0355914
2.2323356
2.1499457
2.1513329
1.949008
1.9884537
1.9950176
2.0544016
2.0788372
2.1827338
2.1014829
1.9318247
2.180589
2.139046
2.0602856
2.0399275
2.0765476
2.150279
2.0911355
2.2348166
2.179802
2.1035311
2.1996243
2.1280966
2.1766756
2.065393
1.9464595
1.9934607
2.0370688
2.1385083
2.0802057
2.0386126
2.2263858
2.118076
2.1252692
1.9415351
1.9870447
2.0002117
2.0820897
2.0748463
2.195283
2.1069212
1.9396608
2.193455
2.1463175
2.0598788
2.043023
2.0749145
2.1538029
2.088237
2.2179286
2.1733491
2.0918727
2.174095
2.1140387
2.1515923
2.050641
1.927118
1.9734818
2.018645
2.1281326
2.0526083
2.0040734
2.195598
2.1034603
2.1085315
1.9942229
2.0425694
2.0138535
2.037438
2.063633
2.245616
2.1654096
1.958123
2.2273755
2.1701155
2.095157
2.0524611
2.0489342
2.1205938
2.062107
2.175851
2.1186643
2.0539463
2.1449072
2.1118593
2.2086668
2.0983016
1.9660724
2.0363746
2.0369706
2.1579556
2.0985768
2.0171726
2.1870599
2.1168303
2.0957463
1.9576495
1.9986929
1.9619071
2.0158734
2.0419257
2.1444948
2.0083156
1.8104209
2.1338267
2.157386
2.1210787
2.1224067
2.1847062
2.3232763
2.2865217
2.410638
2.3289046
2.2737856
2.3609538
2.3474493
2.3697817
2.2516017
2.140054
2.1443167
2.1992154
2.275024
2.2743099
2.1511972
2.2976136
2.2861457
2.201035
1.9853036
2.094197
2.080046
2.1705816
2.1922677
2.48419
2.389721
2.102094
2.4150162
2.4663012
2.3376
2.2597003
2.2834496
2.361116
2.289696
2.4346728
2.344484
2.2780738
2.355943
2.3076952
2.350542
2.2565556
2.1001832
2.2222776
2.2485292
2.294622
2.2866783
2.2326012
2.5501251
2.2933292
2.2964559
2.052158
2.0912163
2.0900972
2.1725101
2.1888878
2.3201692
2.21779
2.0392678
2.3049572
2.226507
2.128634
2.1258752
2.1826165
2.3098023
2.2620823
2.4165804
2.3576531
2.2397044
2.363605
2.299555
2.3816738
2.2471397
2.1193829
2.108813
2.2001889
2.3153257
2.234756
2.203464
2.3616173
2.309241
2.2840183
2.0479958
2.136442
2.1234348
2.1440148
2.1361723
2.319196
2.21755
2.0424302
2.3408446
2.3548756
2.2861233
2.1898923
2.189118
2.2428396
2.180708
2.3263018
2.255355
2.164324
2.2884998
2.2204278
2.2593534
2.1803064
2.048829
2.1151164
2.1333363
2.2503622
2.1544871
2.181113
2.3206577
2.2121851
2.2169998
1.9715989
2.0651832
2.0274653
2.098837
2.144339
2.3024468
2.2081163
1.9444525
2.225922
2.162681
2.0774374
2.0626595
2.1348155
2.2344592
2.2193823
2.390502
2.3254592
2.2462442
2.3673615
2.2775488
2.3437145
2.2379062
2.1236565
2.090476
2.1842182
2.280299
2.2372136
2.1738427
2.3151383
2.1913867
2.171227
1.9535916
2.0239413
2.0279393
2.0788465
2.138131
2.2597172
2.2128909
2.007806
2.3908343
2.3527975
2.2749493
2.2094564
2.2238195
2.2937722
2.2550905
2.4281194
2.346494
2.2507129
2.3694444
2.3096573
2.3700964
2.2495701
2.121508
2.1803267
2.1993752
2.2743306
2.2422621
2.1953223
2.3862743
2.279072
2.2420163
1.998986
2.049038
2.0170856
2.1012166
2.2319286
2.370297
2.256628
2.05508
2.4061313
2.3134828
2.2311742
2.176698
2.24411
2.3191676
2.2449348
2.3782287
2.2986526
2.188078
2.2820039
2.1812265
2.2305048
2.0944571
1.9758106
2.0038788
2.0757627
2.1815157
2.1388776
1.9274027
2.1113193
1.957255
2.0473433
1.8192805
1.8948295
1.9269859
1.9445472
1.9089698
2.052216
1.867262
1.961124
2.416137
2.3370872
2.231685
2.1895344
2.243952
2.3089457
2.2901406
2.4810324
2.3849924
2.2723694
2.4088128
2.3206391
2.4150877
2.254719
2.1503227
2.1875114
2.2738311
2.3177695
2.2429779
2.1468372
2.409989
2.1756024
2.1250837
1.9677093
2.1005313
2.069947
2.1238098
2.137557
2.3086114
2.1976836
1.9485837
2.2843182
2.2762086
2.2214894
2.2937891
2.3027496
2.4213862
2.3650455
2.474079
2.471792
2.3842068
2.3672907
2.3268409
2.265366
2.143005
1.9669217
2.0596962
2.0785122
2.176086
2.1498666
2.23276
2.4508476
2.3258216
2.4050972
2.2098298
2.2239513
2.1729145
2.1372232
2.2838016
2.4492455
2.2669547
2.2306619
2.6971273
2.6689575
2.5324335
2.4307053
2.486432
2.565438
2.5234394
2.6666994
2.544349
2.404433
2.4313931
2.3538373
2.5123463
2.3326223
2.182723
2.195398
2.287282
2.387292
2.322067
2.286753
2.465253
2.2143445
2.2632716
2.0615606
2.1770668
2.256619
2.392305
2.171383
2.2725446
2.3646586
2.542036
2.9831316
2.993567
2.9346497
2.8983166
2.7851949
2.9788685
2.8824089
3.1058836
2.939548
2.9086802
3.0905077
2.8471878
2.9064095
2.6333394
2.5245595
2.5151925
2.4699614
2.512301
2.4730663
2.578268
2.7591074
2.742082
2.9173965
2.4528704
2.6481366
2.5300953
2.5097072
2.632235
2.6898267
2.8050134
2.509482
2.9202957
2.903679
2.865585
2.7485447
2.8137953
2.9362028
2.9221015
2.9274678
2.9200864
2.5882063
2.4884741
2.4238846
2.632855
2.5224733
2.2458758
2.3361778
2.691247
3.0450187
3.0118313
2.9383965
3.0493002
2.7575104
2.709903
2.4230702
2.5113978
2.60835
2.6480227
2.436649
2.6611989
2.5886202
2.3216767
2.7296019
2.779459
2.6166246
2.5660875
2.5262291
2.5934029
2.5048192
2.6948
2.666044
2.720558
3.1427896
2.839027
2.8601053
2.6694698
2.5668762
2.5718598
2.5952277
2.5736992
2.537988
2.624943
2.891104
2.8101869
2.7652214
2.4050543
2.4912102
2.4544637
2.4885807
2.3539448
2.6142557
2.6559403
2.446694
2.8557868
2.6748118
2.51973
2.5456173
2.6827374
2.886691
2.9876142
3.11339
3.1939416
2.8644304
2.6410198
2.7097926
2.7619414
2.559195
2.277697
2.3964329
2.5213943
2.7479181
2.6769783
2.5248694
2.6467342
2.5345337
2.7775455
2.479511
2.477494
2.5595028
2.6243804
2.599374
2.7698612
2.6744103
2.2554374
2.6409833
2.7664866
2.854512
2.805064
2.6688757
2.6110601
2.360367
2.5653477
2.4127877
2.399643
2.8765404
2.5514035
2.660023
2.5280957
2.5110555
2.6157088
2.7060244
2.6274295
2.5480893
2.5696692
2.7724397
2.5983913
2.6880808
2.342204
2.4938493
2.5579097
2.6239853
2.4729798
2.660827
2.6413472
2.484889
2.883529
2.6936586
2.3810983
2.302396
2.4271963
2.6487756
2.649733
2.798641
2.7214353
2.5981412
2.7289374
2.6801732
2.7951372
2.592767
2.4308915
2.3204684
2.4091537
2.4479504
2.4635417
2.4271846
2.5780575
2.5700102
2.6752498
2.3151855
2.3376913
2.4217584
2.4490585
2.3983634
2.4671578
2.3074288
2.1077316
2.4264882
2.4307868
2.547104
2.654674
2.6195056
2.6159894
2.4142995
2.5500445
2.4928582
2.4402425
2.6645331
2.478641
2.4689796
2.2933137
2.2603345
2.298226
2.3928244
2.4138
2.3433127
2.310363
2.5104518
2.3091576
2.3372233
2.058159
2.268538
2.369696
2.4430099
2.3767488
2.5107424
2.6396382
2.2539444
2.5985143
2.5352592
2.3687031
2.2613063
2.2231417
2.3311498
2.3768616
2.5362823
2.464914
2.3307939
2.4750779
2.3654778
2.5075867
2.3860462
2.200111
2.172254
2.285181
2.1949146
2.163273
2.0879283
2.2118893
2.1718779
2.291281
2.037796
2.157806
2.188169
2.166758
2.187904
2.4388838
2.2029557
2.1930692
2.539956
2.6002445
2.4434977
2.4104488
2.377146
2.4934897
2.3706806
2.4944727
2.3677
2.375347
2.5495338
2.472491
2.385882
2.274199
2.2005887
2.290641
2.3910453
2.3828716
2.3710294
2.3820622
2.6422963
2.3772893
2.370041
2.116458
2.2038672
2.2838356
2.3808079
2.383742
2.4891853
2.6494691
2.3420637
2.621933
2.540606
2.480448
2.3679583
2.3275986
2.389132
2.4195054
2.4700108
2.4060962
2.2173285
2.4112957
2.290616
2.4310746
2.3577018
2.2317133
2.2318053
2.2784688
2.3185716
2.1597927
2.246347
2.3913932
2.2810423
2.433958
2.1761687
2.2626681
2.6305907
2.7583385
2.618494
2.1233938
2.4367294
2.290292
2.7563527
2.728784
2.5255983
2.195605
2.260195
2.4787915
2.4805
2.405462
2.184984
2.2814748
2.2423563
2.1195023
2.2011662
2.1964219
2.1400619
2.1125212
2.0446951
2.024988
1.9460137
1.916912
1.9261761
1.865956
1.8476708
1.6774817
1.7578927
1.7140795
1.6191947
1.7012185
1.7298608
1.6728705
1.7329975
1.7766175
1.7456112
1.7922661
1.7674415
1.7895054
1.7912129
1.7912273
1.6934106
1.793545
1.7534896
1.6441139
1.717452
1.7203028
1.6387287
1.7096512
1.7510593
1.6593689
1.6721159
1.670546
1.6936146
1.7117825
1.7319568
1.6471353
1.7640617
1.7442174
1.6541916
1.7213188
1.7297413
1.6490918
1.7059171
1.7448412
1.6504213
1.6596844
1.6595405
1.6940378
1.7097257
1.7297162
1.6204288
1.7261025
1.7041191
1.6046104
1.6908205
1.701733
1.6344876
1.6902211
1.73258
1.6524106
1.6541854
1.6473597
1.6731277
1.688437
1.7089798
1.6112653
1.7106367
1.6881778
1.5876364
1.6701905
1.6811289
1.6125757
1.670508
1.7155265
1.6266072
1.6336606
1.6311537
1.657639
1.6689225
1.6904655
1.6021669
1.7000071
1.6773572
1.5785302
1.6626886
1.6663404
1.5948893
1.6530182
1.698005
1.6075006
1.6155385
1.6147867
1.6459373
1.657744
1.6776152
1.5894365
1.6871806
1.6621749
1.5665706
1.6509578
1.6502973
1.583623
1.6425374
1.6842872
1.5948099
1.6037915
1.5985365
1.6375126
1.6458414
1.666712
1.5796953
1.6755997
1.6500424
1.5528717
1.6403488
1.6377442
1.5722183
1.628249
1.6718026
1.5845916
1.5921384
1.5864899
1.6252639
1.634661
1.6562358
1.5682659
1.6620811
1.6406527
1.5436605
1.6317644
1.6256574
1.5631416
1.6227568
1.6631975
1.5768311
1.5850666
1.5796951
1.615383
1.6255443
1.6474664
1.5629683
1.6553727
1.6313789
1.5282466
1.6195952
1.6205304
1.5543723
1.6106211
1.650946
1.5639315
1.5742759
1.5665746
1.6025285
1.6125375
1.6398952
1.5567608
1.6448169
1.6280123
1.523536
1.616438
1.603893
1.5407748
1.5974798
1.6353692
1.5546079
1.5622344
1.5565622
1.5965194
1.6001371
1.62945
1.5407754
1.6359775
1.6169457
1.5100932
1.6140052
1.590845
1.5288893
1.5802327
1.6207535
1.5441184
1.5437534
1.5399281
1.5831873
1.5895911
1.6181049
1.5331212
1.6149517
1.5986974
1.4887478
1.5935001
1.5780522
1.5160336
1.5694776
1.6043556
1.524151
1.5267379
1.517766
1.5628036
1.5686682
1.5954422
1.5165
1.6048417
1.5848186
1.476528
1.5751334
1.5648856
1.5042797
1.5486059
1.5890962
1.5167449
1.5221635
1.5030943
1.5446754
1.5534823
1.5838692
1.5080835
1.5877998
1.5730821
1.4699186
1.5687436
1.5445396
1.4837669
1.5431051
1.5838844
1.5080954
1.5095016
1.4945941
1.5341563
1.5449584
1.56875
1.4953418
1.5764923
1.5619507
1.4573516
1.556362
1.5314313
1.476311
1.5319784
1.5732094
1.4933614
1.5059029
1.4856383
1.5298221
1.5471834
1.5716908
1.4946913
1.5838872
1.5602584
1.4489897
1.5496178
1.5147265
1.4649541
1.5143785
1.5515925
1.4627119
1.4835365
1.4700403
1.5152831
1.5242436
1.5420473
1.4739386
1.5553331
1.5396876
1.4386458
1.5393643
1.5054845
1.4563497
1.5029097
1.536839
1.450387
1.4710976
1.4534043
1.5010008
1.5114424
1.529338
1.4557732
1.5356039
1.5274658
1.4283088
1.5231051
1.4976107
1.4371549
1.4834657
1.5278804
1.4373553
1.4576865
1.4432726
1.4988334
1.5046343
1.5237064
1.4468571
1.5217073
1.5109086
1.4055381
1.5061944
1.472536
1.4220364
1.468262
1.5152301
1.424208
1.4437807
1.4319898
1.4794023
1.4929377
1.5146692
1.4348756
1.5071454
1.4974934
1.3875254
1.4964153
1.4604431
1.4093162
1.4608994
1.5055215
1.4125472
1.4295543
1.4208679
1.466565
1.4829726
1.5030185
1.4255624
1.4989121
1.4849548
1.3762026
1.485013
1.4477167
1.3917806
1.4459386
1.4796101
1.3953289
1.4180824
1.4063616
1.4546008
1.4706382
1.4846246
1.4136367
1.4834336
1.4715555
1.3641852
1.4666834
1.4356467
1.3811424
1.4335328
1.4620378
1.3835866
1.4096467
1.3902452
1.4445089
1.4604865
1.476568
1.4032474
1.4762195
1.456155
1.3544921
1.4609084
1.4344153
1.3764092
1.4190633
1.4509333
1.3726177
1.397221
1.3788258
1.4338409
1.4439588
1.4674344
1.3917431
1.4604039
1.4434202
1.3472005
1.4439621
1.4191506
1.3618191
1.4047561
1.4426013
1.3621465
1.381164
1.3691204
1.4200507
1.4310629
1.4555993
1.3783191
1.4535955
1.4367648
1.333314
1.4396777
1.4079217
1.351443
1.3898838
1.4280994
1.3470442
1.3729907
1.355772
1.4119366
1.4177749
1.4429976
1.3734002
1.4442325
1.4251697
1.3222933
1.4279498
1.3935691
1.3415778
1.385859
1.4185712
1.3370117
1.366828
1.3485074
1.3973006
1.4070759
1.4317781
1.3639606
1.4374241
1.4205985
1.3161606
1.4181533
1.3858333
1.333163
1.3741745
1.4084746
1.3270476
1.3564736
1.3370072
1.392271
1.3968394
1.4209112
1.3538382
1.4247311
1.4085697
1.3082958
1.4100662
1.3820969
1.3248427
1.3615078
1.398651
1.3205074
1.3517746
1.3264533
1.380625
1.3886218
1.4134094
1.3456286
1.418172
1.4011039
1.3041264
1.4062936
1.3728878
1.3180201
1.3582746
1.3875353
1.3188266
1.3688631
1.3186188
1.3705528
1.3794154
1.4039121
1.342496
1.415067
1.3976763
1.297716
1.3972445
1.3687129
1.3087786
1.3520741
1.3804598
1.3052146
1.3315715
1.3114727
1.3665551
1.3753347
1.3980868
1.3363268
1.4067069
1.3847194
1.2894771
1.3921676
1.3621709
1.306825
1.3453559
1.3756768
1.2964481
1.3248291
1.3033497
1.356072
1.3642323
1.3937693
1.328107
1.396549
1.3765541
1.2858702
1.3991426
1.3665819
1.3188146
1.3421865
1.3727026
1.2882972
1.3178095
1.300445
1.3514044
1.3570896
1.3849084
1.321992
1.3888738
1.3667982
1.2739284
1.3763555
1.347962
1.2998925
1.3287323
1.3708329
1.2910467
1.3114525
1.2952112
1.34519
1.3477783
1.3786635
1.312527
1.3788834
1.3568124
1.2671031
1.3707181
1.3394197
1.2849857
1.3272011
1.3519268
1.2780197
1.2979765
1.290647
1.3349518
1.3396388
1.3754647
1.3048183
1.3673813
1.3532332
1.258811
1.3625236
1.3298339
1.2715496
1.3182356
1.3436916
1.2761917
1.2897847
1.2701888
1.3270237
1.3254911
1.3629633
1.2948596
1.3608975
1.3448191
1.2437847
1.3548816
1.316846
1.2619207
1.31229
1.3391644
1.2721692
1.2833458
1.2610967
1.3186885
1.3248472
1.3579762
1.2925385
1.3529575
1.336507
1.2411836
1.3442287
1.312302
1.2518001
1.3028561
1.3332803
1.265208
1.2730088
1.2502542
1.3097973
1.3119459
1.3493264
1.2843239
1.3407462
1.331628
1.2343177
1.3512489
1.3129364
1.2495174
1.3018941
1.3211907
1.255428
1.262994
1.2403065
1.3049788
1.2991569
1.3459445
1.277791
1.3331609
1.32683
1.2333914
1.3516548
1.3013436
1.2369739
1.3008974
1.3422133
1.2586632
1.2692605
1.2422851
1.3049651
1.303734
1.3405131
1.2731216
1.3310165
1.320753
1.2267512
1.3303783
1.3024005
1.2349222
1.292641
1.3286676
1.2571437
1.2472945
1.2254435
1.2950292
1.2996534
1.3431842
1.2675786
1.3281847
1.3133712
1.2181126
1.3261802
1.2990437
1.2286332
1.295083
1.3123434
1.2512144
1.2520804
1.2169117
1.286314
1.2896975
1.3319885
1.2635052
1.3317432
1.3092996
1.2211387
1.3248284
1.2910217
1.2260884
1.2772236
1.3008841
1.2395617
1.2343502
1.2072921
1.2867357
1.2849646
1.3275412
1.2569664
1.3176584
1.3046639
1.2136384
1.3169798
1.287471
1.218224
1.2695689
1.2856604
1.2339903
1.2185149
1.203452
1.2767507
1.277349
1.3198242
1.2510297
1.3160822
1.3045716
1.2085196
1.3047355
1.2821035
1.2072723
1.2634523
1.2768227
1.2217728
1.2183236
1.2031308
1.2782744
1.2715013
1.3209318
1.239144
1.3039507
1.2934723
1.1997938
1.301317
1.2699022
1.2034392
1.2533207
1.2757705
1.2296485
1.2098885
1.1873618
1.2703763
1.2604249
1.3140982
1.2378093
1.2936393
1.2979491
1.1925751
1.2930839
1.2598349
1.1935556
1.2486196
1.2678286
1.2196246
1.2001116
1.1799388
1.2557137
1.2410008
1.3108561
1.2398698
1.2905176
1.2973096
1.1837796
1.2867806
1.2497988
1.1876763
1.2336643
1.2572718
1.2133273
1.192849
1.1735234
1.2540511
1.2328161
1.3055437
1.2272104
1.2851342
1.2890027
1.1787857
1.2821898
1.2451191
1.1754782
2.6789565
2.6719546
2.663467
2.2435555
2.3718507
2.4453998
2.5957189
2.405739
2.3327606
2.0738747
2.1733959
2.0729122
2.1643505
2.1991885
2.2267292
2.1727126
2.019002
2.0036356
1.9687159
1.9867854
1.892851
1.9140592
1.7775445
1.7312746
1.5687884
1.6713336
1.6046995
1.6744344
1.6960099
1.7440886
1.7518708
1.7352525
1.760405
1.8226738
1.8518231
1.8043456
1.8423954
1.7278738
1.7266148
1.5738242
1.6959643
1.620508
1.6784718
1.6860387
1.7149377
1.7201111
1.7056917
1.7085305
1.7101365
1.753653
1.7245764
1.7696168
1.6781008
1.6854546
1.5448698
1.6651379
1.6001616
1.6683986
1.6884112
1.7249441
1.731894
1.707153
1.6970916
1.675025
1.7222774
1.6956184
1.7417701
1.6555808
1.6617292
1.5200287
1.6403886
1.5812157
1.6491708
1.6695966
1.707353
1.7107519
1.6824055
1.6747357
1.6608266
1.7106818
1.691478
1.7289929
1.6450132
1.6462705
1.5045094
1.6240358
1.5605243
1.6254742
1.6404996
1.6783494
1.6924719
1.6666541
1.6745733
1.6674892
1.7173648
1.6896085
1.7182665
1.6325512
1.6285005
1.4786694
1.6023772
1.5465631
1.6152482
1.6279497
1.6582308
1.6670803
1.642195
1.6346248
1.6328965
1.6877447
1.6595562
1.6907489
1.6086086
1.6074004
1.4739323
1.594129
1.5315824
1.5969559
1.6090584
1.6422586
1.6662694
1.6316233
1.6178493
1.6087978
1.6572042
1.6387459
1.6781558
1.5974901
1.594117
1.4597831
1.5807055
1.5180188
1.5778944
1.5924162
1.6261449
1.6493558
1.6211182
1.6131402
1.6004388
1.6503054
1.6310127
1.6597514
1.589113
1.5801316
1.4488511
1.5679307
1.5023627
1.5651054
1.5732304
1.6078969
1.6326203
1.5977875
1.5891252
1.5955925
1.6530688
1.6225287
1.6324128
1.5749742
1.5654314
1.4227296
1.5531759
1.4899427
1.5509872
1.56022
1.5929419
1.6190441
1.5779326
1.5746619
1.5759457
1.6226002
1.5978979
1.6120168
1.5545934
1.5531135
1.408272
1.5429713
1.4657186
1.5394264
1.5462495
1.573772
1.6043124
1.5554408
1.5741211
1.5837314
1.6308237
1.5837647
1.5896147
1.5385994
1.5335728
1.3845768
1.5205512
1.4397402
1.5120384
1.5092971
1.5467434
1.5837662
1.5506363
1.5457093
1.5454204
1.590152
1.5507078
1.5547439
1.5279328
1.5546995
1.4138887
1.5640782
1.4631511
1.5434505
1.5054768
1.5252838
1.5647993
1.5071464
1.5273385
1.553542
1.6113745
1.5637692
1.5591267
1.5257915
1.5440131
1.403279
1.552621
1.4673154
1.5341794
1.5545529
1.5368391
1.5990126
1.4897934
1.483647
1.5008761
1.5529675
1.5385759
1.5550174
1.4870412
1.4777927
1.3286934
1.4653386
1.3758038
1.4461492
1.4469477
1.5000349
1.5216874
1.4369762
1.4689097
1.4627519
1.5138826
1.4869332
1.47769
1.4437474
1.4602219
1.3182611
1.4426265
1.3706125
1.4296874
1.417327
1.4454739
1.4949718
1.4282026
1.4256364
1.4259511
1.4747343
1.4468918
1.4480429
1.4197592
1.4363807
1.3210785
1.4646988
1.381455
1.4475478
1.4167088
1.4484543
1.5139309
1.4673692
1.4509741
1.4376715
1.4809598
1.4329791
1.4592959
1.4522219
1.4447209
1.299008
1.431338
1.3402992
1.3964658
1.3738587
1.4122471
1.4355252
1.3764722
1.3726091
1.4037236
1.4483423
1.4273992
1.4677587
1.4302647
1.41365
1.2571325
1.3930583
1.3194104
1.3640095
1.351289
1.424431
1.4183232
1.3519293
1.3456461
1.3641263
1.4017581
1.3910344
1.3744531
1.3652931
1.3669468
1.2439387
1.3897364
1.3002295
1.356429
1.3450892
1.3751378
1.4087474
1.3281286
1.3092246
1.3382533
1.3699347
1.3436819
1.3551977
1.3194541
1.3328065
1.2206095
1.3589772
1.2881523
1.3661963
1.338889
1.4193652
1.436219
1.3183542
1.3050894
1.3173738
1.3337284
1.3321309
1.3552139
1.3188629
1.324704
1.1760224
1.3137676
1.2321434
1.2971063
1.2714876
1.3386596
1.3496555
1.259396
1.2733661
1.3125879
1.3219537
1.3016571
1.3186989
1.2923371
1.2944443
1.1579692
1.2911475
1.2159625
1.28482
1.2368907
1.3225775
1.3287628
1.2756513
1.2516721
1.2806075
1.2701151
1.248203
1.2828305
1.2726191
1.2840993
1.1410058
1.2876555
1.2052695
1.2989556
1.2264987
1.2917566
1.2779372
1.220219
1.1920059
1.2379491
1.2333935
1.2269971
1.2536368
1.2380067
1.2581345
1.11773
1.2472765
1.1802167
1.2620991
1.2083925
1.2864861
1.2712417
1.1965584
1.2003839
1.230101
1.2221586
1.2046778
1.2410926
1.2249984
1.2346123
1.0822617
1.2235068
1.1546774
1.2367063
1.1730351
1.2624515
1.2398412
1.1759486
1.1805328
1.2152379
1.1935153
1.1762743
1.2138231
1.2152313
1.2197539
1.0621357
1.2067448
1.1384566
1.223577
1.1777468
1.2492067
1.2302753
1.1490285
1.1520356
1.1767981
1.1554514
1.1332994
1.1712936
1.1773787
1.2060993
1.0407803
1.1830634
1.1156802
1.1967558
1.145558
1.2194312
1.203472
1.1370574
1.1233126
1.1587974
1.1387693
1.1160811
1.1644305
1.1736511
1.1843266
1.0293051
1.1657578
1.0918335
1.1740863
1.1248865
1.1967226
1.1749046
1.1162562
1.1029677
1.1619656
1.1148566
1.0962027
1.1576661
1.1575112
1.1710896
1.0169444
1.1656129
1.0976892
1.1671455
1.1250048
1.1855277
1.1524293
1.0936673
1.0915694
1.1355952
1.0903554
1.0923558
1.1329216
1.1302578
1.148627
1.0175683
1.1613234
1.0795872
1.1497207
1.1109363
1.1822947
1.1401131
1.0965712
1.0736226
1.0982221
1.0679195
1.0641407
1.1041807
1.1187537
1.1428648
0.99031866
1.1167725
1.0586814
1.1323266
1.1009469
1.1677127
1.122107
1.0648061
1.0487431
1.0897841
1.0509832
1.0499045
1.0862112
1.1094003
1.1182578
0.96608245
1.099477
1.0420223
1.1035922
1.0735774
1.1370173
1.0984248
1.056789
1.0376216
1.061952
1.0339903
1.0238283
1.0618047
1.0916624
1.095444
0.9558456
1.0827749
1.0205518
1.084839
1.053031
1.128574
1.0707133
1.0305614
1.0082933
1.0333132
1.0036213
1.0021094
1.0315264
1.071714
1.081115
0.94515336
1.0638914
1.0060408
1.0659971
1.0323651
1.1116846
1.0594596
1.0101813
0.9831004
1.0128671
0.9858811
0.9829909
1.0248699
1.0603539
1.0641819
0.9270788
1.0528536
0.9937355
1.0523424
1.0236313
1.0983711
1.0409908
1.0059962
0.982945
0.99583167
0.96562374
0.9573931
0.9951758
1.0326313
1.0407488
0.9083262
1.0352578
0.983438
1.0237755
1.0079266
1.0790931
1.0231115
0.98145884
0.96177435
0.9807418
0.95565695
0.9552447
0.9839546
1.0206119
1.0234013
0.9011546
1.0216596
0.9739089
1.0257763
0.9970736
1.071788
1.0096337
0.97222173
0.95264643
0.95936906
0.9260079
0.9351056
0.9645229
1.0077771
1.0031583
0.88861394
1.0207856
0.9614905
1.0135102
0.99327654
1.0585816
1.0070208
0.96856457
0.94581556
0.96022797
0.9237519
0.92294925
0.95511144
1.0027701
0.9927117
0.8778809
1.002835
0.95446765
0.99494565
0.98910254
1.0627831
0.9896791
0.94975895
0.932277
0.9360491
0.9271064
0.9232338
0.9523483
0.99641967
0.98749775
0.8762206
0.9896866
0.95270866
0.9867376
0.9866655
1.0393032
0.9822342
0.9440099
0.92135334
0.908666
0.89788896
0.9036586
0.9276923
0.9769142
0.9783603
0.8676826
0.9772616
0.9366979
0.97262883
0.96430635
1.0309113
0.96460265
0.9206932
0.9053498
0.888005
0.8764046
0.8798492
0.922759
0.9617136
0.95341957
0.850458
0.9687715
0.92883515
0.96298033
0.95785195
1.0264817
0.95163906
0.9157394
0.8938666
0.86644787
0.850717
0.87121755
0.8945396
0.9496296
0.9445386
0.83880186
0.9656305
0.91545343
0.9437302
0.9479378
1.0159436
0.94301736
0.90189767
0.8721811
0.8521333
0.836034
0.854654
0.8760152
0.9389662
0.93364555
0.82352245
0.9589909
0.93317586
0.964307
0.98998106
1.0466138
0.99026346
0.93751186
0.90280503
0.8615185
0.8404721
0.8501569
0.86050564
0.93939865
0.9262233
0.8305865
0.94454646
0.89747876
0.93726164
0.9464505
0.99525124
0.92313576
0.8849723
0.8514744
0.8277915
0.8159743
0.83125836
0.8569392
0.93232423
0.9180578
0.83930653
0.949213
0.90132755
0.92687315
0.9292493
0.9820348
0.9149798
0.87498987
0.8384219
0.823103
0.8052403
0.8179505
0.84504735
0.9195924
0.90607697
0.8269714
0.9257774
0.8913804
0.92183095
0.9237353
0.98245937
0.9069594
0.8715461
0.83573717
0.80818
0.790768
0.8098248
0.82286364
0.91320854
0.8959043
0.81253177
0.9139256
0.8906124
0.9104959
0.91722065
0.97325957
2.6596417
2.6599405
2.4740777
2.3913937
2.8227985
2.1290176
2.247807
2.037746
1.8146465
1.6041005
1.7385893
1.6034076
1.6894349
1.6901187
1.7690954
1.6434329
1.7644047
1.535132
1.6164523
1.6218528
1.6536579
1.5781708
1.7148639
1.5298108
1.6620357
1.661358
1.6360265
1.5158664
1.6686385
1.4884374
1.6178845
1.6287324
1.6772606
1.5011306
1.6643432
1.4655436
1.5802153
1.6008755
1.6576322
1.5090821
1.650012
1.4502517
1.5470619
1.5538803
1.5993439
1.4749779
1.6097474
1.3971007
1.508287
1.5137721
1.5733795
1.437878
1.5621444
1.3767151
1.4885789
1.5030545
1.5375814
1.4023569
1.5412228
1.3491348
1.4601974
1.4611244
1.4990388
1.3729068
1.5090849
1.3143156
1.4262903
1.4261016
1.4683535
1.3450466
1.4725497
1.2858447
1.3914564
1.3846282
1.437318
1.313295
1.4345683
1.2442255
1.3521289
1.3629339
1.3891468
1.2775781
1.3977568
1.2131559
1.317184
1.3130759
1.3458872
1.2404143
1.3539332
1.1757833
1.2772206
1.2838109
1.3081163
1.1999639
1.3147019
1.136305
1.245767
1.2517359
1.2621499
1.1660159
1.28999
1.107179
1.2238611
1.2167579
1.2402463
1.1313423
1.2492441
1.0736699
1.2216293
1.1968845
1.2255347
1.0838038
1.234133
1.0691407
1.1702249
1.1563298
1.1269925
1.0394889
1.225645
1.045218
1.133719
1.1079221
1.1104789
0.9794533
1.1403204
1.0037118
1.0802919
1.0678167
1.047801
0.96728486
1.0583345
0.9484153
1.0610622
1.0234067
0.9886944
0.937647
0.9947646
0.9153752
0.9958611
0.9707671
0.9371981
0.9417716
0.94848734
0.8702778
0.93684274
0.929566
0.89393157
0.93271124
0.9030837
0.8424844
0.91930795
0.9079774
0.8571709
0.8479532
0.8616465
0.82206565
0.88487333
0.85457516
0.81388354
0.7876277
0.8139949
0.7941853
0.8381705
0.83556193
0.76229227
0.7348047
0.76681036
0.74520946
0.80381763
0.7984833
0.7148246
0.6960668
0.72627443
0.7171275
0.76989
0.76829886
0.6820434
0.65726465
0.6999952
0.7076406
0.7257525
0.7497977
0.6544851
0.62425023
0.68566906
0.70255965
0.736768
0.7188658
0.6610358
0.6186333
0.6555253
0.6693226
0.69328874
0.70987946
0.6242989
0.576248
0.6335459
0.646329
0.6676747
0.69422257
0.5942505
0.55824006
0.617299
0.6275319
0.6430794
0.6769063
0.54649764
0.5392828
0.59065074
0.6041245
0.61305606
0.6473342
0.529457
0.5269238
0.57112586
0.57884425
0.58641964
0.6226687
0.51364046
0.5032165
0.5444699
0.55571806
0.5712445
0.62236863
0.49219382
0.47720438
0.5131589
0.54247814
0.55402076
0.60954106
0.47251803
0.4593768
0.49240154
0.5257153
0.53067094
0.5811838
0.45777935
0.44745696
0.47189054
0.50711787
0.51462334
0.5608721
0.44710368
0.43410718
0.4582579
0.49583566
0.49979806
0.5394016
0.44117823
0.42958543
0.44554666
0.48539492
0.49219412
0.52681345
0.43340746
0.42419016
0.43805307
0.47651142
0.477584
0.51261526
0.42892358
0.42157987
0.4326297
0.4621567
0.4657128
0.49354818
0.42518538
0.4160477
0.42738244
0.45182964
0.4604214
0.48311052
0.42169935
0.4142843
0.42195487
0.4452086
0.45128992
0.47761837
0.4192444
0.41004157
0.41827935
0.44019228
0.44722155
0.46473855
0.41631517
0.40789434
0.41549122
0.4330716
0.44164413
0.45434004
0.41431478
0.4063278
0.41278005
0.43269348
0.43659967
0.44570017
0.41174474
0.40452674
0.4124604
0.42867628
0.4334598
0.44084737
0.41130194
0.40297115
0.4087608
0.42699578
0.42828605
0.43556628
0.40887457
0.40169138
0.40908048
0.4248115
0.42611456
0.42864504
0.4084534
0.40197024
0.40790364
0.42383114
0.42280138
0.42355558
0.40699154
0.3991247
0.405298
0.42323795
0.4220381
0.41930944
0.4062494
0.40021318
0.40290344
0.42094243
0.41956788
0.41593286
0.40469053
0.39842248
0.40265033
0.420861
0.4182146
0.4129686
0.4051043
0.39835048
0.401384
0.42068106
0.41715404
0.4103176
0.40320125
0.39598006
0.4010238
0.42014894
0.41565531
0.40901503
0.40324843
0.3967786
0.3998307
0.41768414
0.41440892
0.40793747
0.4024434
0.39574403
0.39894873
0.4173732
0.41478282
0.40694308
0.40164626
0.3946233
0.39829236
0.4172649
0.41334093
0.40556052
0.40122905
0.39379227
0.39760008
0.4175498
0.41299918
0.40474504
0.40101174
0.39372805
0.39707896
0.41648194
0.4119969
0.40374273
0.40072975
0.39279544
0.39668852
0.41672483
0.41188687
0.40287513
0.40046197
0.39295912
0.3963552
0.4157601
0.4110019
0.40184182
0.4002361
0.3920785
0.39598283
0.41887027
0.41138297
0.40119046
0.3996533
0.3921246
0.3957619
0.41402948
0.41064912
0.3999549
0.39949942
0.39172268
0.39531022
0.41339022
0.41047996
0.39979732
0.39917195
0.39204115
0.39509225
0.41158044
0.4096821
0.39916933
0.398943
0.39145458
0.39495245
0.41105318
0.4097673
0.3988058
0.39876845
0.3911512
0.3946691
0.40983534
0.4090109
0.39830557
0.3984709
0.38994312
0.3942747
0.40988547
0.40915453
0.39834118
0.39816466
0.39022166
0.39402342
0.4091803
0.40842974
0.3978613
0.39803863
0.38921294
0.39376783
0.4095044
0.40853804
0.39769727
0.39792287
0.3899032
0.39364392
0.40892205
0.4078173
0.39726454
0.39770746
0.3887453
0.39343163
0.4092309
0.40811187
0.39737982
0.39756134
0.38954192
0.39330274
0.40861616
0.40735897
0.39693764
0.39727238
0.38841552
0.39313
0.40904593
0.4078138
0.39702526
0.3972592
0.38919857
0.39301926
0.4083723
0.40701437
0.39652628
0.39701578
0.38813296
0.3928808
0.40886113
0.40754324
0.39659142
0.39695734
0.38889998
0.39276993
0.40818852
0.4068397
0.396247
0.39672294
0.3878298
0.39263532
0.40861607
0.40735728
0.3962598
0.39672583
0.3886527
0.3925143
0.40799123
0.4066174
0.39600074
0.39646494
0.3875465
0.39235237
0.4083992
0.40698195
0.3960836
0.39646608
0.38831937
0.3922419
0.40784574
0.40626767
0.3957672
0.3962285
0.38727373
0.39211997
0.40818208
0.40662363
0.39583197
0.39629272
0.38798416
0.3920085
0.40776235
0.40595996
0.3956068
0.39603144
0.38699076
0.3918033
0.40805978
0.40636083
0.3955439
0.39610383
0.38786355
0.39183155
0.40764073
0.40576875
0.39539167
0.39575893
0.3865646
0.39169475
0.4080135
0.4061323
0.39549947
0.39593726
0.3874705
0.39165527
0.40742958
0.40556902
0.3952413
0.3957226
0.38639012
0.39137554
0.40786824
0.40598708
0.39532483
0.3957292
0.38738012
0.39156052
0.40726402
0.4053646
0.3950626
0.3955418
0.38666612
0.39131612
0.40779984
0.40574974
0.39519247
0.39563856
0.38699323
0.3915898
0.4073
0.40520316
0.3949287
0.39537135
0.38618708
0.39097786
0.40773776
0.40579003
0.39507338
0.39548644
0.3871523
0.39122868
0.40711817
0.40528324
0.39481494
0.3952856
0.38613033
0.3909962
0.40756932
0.40550825
0.39475727
0.39549348
0.38678724
0.3911376
0.4072445
0.40510833
0.39472103
0.39511243
0.38572574
0.39081246
0.40747678
5.5707197
5.5157533
4.6206083
5.8277836
5.3092165
4.781543
4.2789254
4.2015977
4.3917456
5.2687235
4.7333727
5.0319786
4.40894
4.7365966
3.4899082
3.7071095
3.2645519
3.4766598
3.663151
3.4033546
3.2393703
3.5120416
3.288179
3.3634071
3.4728093
3.500513
3.5317993
3.475492
3.0756536
3.372403
3.2968028
3.150665
3.1567907
3.5347843
3.385021
3.637471
3.6142287
3.688182
3.2288878
3.3921173
3.0030432
3.2649345
3.260894
3.1482687
3.0806007
3.4544218
3.279226
3.4669025
3.495511
3.5840342
3.3032198
3.4318438
3.0317698
3.300664
3.3064187
3.1554668
3.1188784
3.4765878
3.2883244
3.4787712
3.5109117
3.5260746
3.2714577
3.3943832
2.9977524
3.271411
3.2632473
3.1355343
3.0971467
3.469603
3.2940316
3.4920921
3.5212507
3.5775983
3.2705379
3.4082098
3.009961
3.277493
3.273265
3.1373405
3.0995762
3.4641962
3.282963
3.4669583
3.4994137
3.538694
3.2880194
3.4017327
3.0063815
3.2778878
3.2780104
3.1408327
3.1067836
3.471029
3.291507
3.4793453
3.5116537
3.5528336
3.2708507
3.4015203
3.0048041
3.2771358
3.2709963
3.1361463
3.0989606
3.4653566
3.2896214
3.474429
3.5055282
3.5493052
3.2669678
3.4014828
3.0067875
3.279626
3.276473
3.1405544
3.1038256
3.4683673
3.2893658
3.4731853
3.5069387
3.5486891
3.2715983
3.4023068
3.0056024
3.2787085
3.2745993
3.1386998
3.10199
3.4664812
3.290043
3.4741626
3.506462
3.549373
3.267847
3.4012942
3.0058374
3.2793133
3.2761643
3.1394508
3.1029186
3.4676225
3.2901332
3.472902
3.506754
3.5488267
3.2708051
3.4023166
3.005926
3.2796905
3.2763116
3.1394987
3.1028423
3.4668179
3.2898977
3.4727116
3.505989
3.5482087
3.268884
3.4016497
3.005822
3.2800837
3.2768152
3.1395578
3.1032317
3.4675858
3.2908287
3.472842
3.506913
3.5489612
3.2702358
3.4021304
3.0057936
3.2801597
3.276931
3.1394975
3.1029844
3.4667006
3.2893944
3.4650836
3.4939618
3.5542672
3.2766101
3.3953955
3.0032952
3.2810392
3.2735813
3.14272
3.1050174
3.4741402
3.2962985
3.4762394
3.5073268
3.548212
3.2694764
3.4013958
3.006297
3.2823765
3.2790294
3.1424499
3.1021836
3.464258
3.2812982
3.4747436
3.4974704
3.5438821
3.2828043
3.4066343
3.0047061
3.2794995
3.2758272
3.1573873
3.8121347
3.4327228
3.3183243
3.42188
3.4575748
3.4432435
3.3519163
3.4790194
2.9942443
3.2885494
3.2645452
3.10525
3.1436868
3.3794081
3.1723258
3.5581944
3.4847553
3.5076785
3.2087026
3.3050783
3.0143664
3.260903
3.2361128
3.0963466
3.032809
3.360292
3.1446621
3.2635775
3.2763066
3.3407605
3.1052082
3.3422203
2.9157643
3.2052996
3.1753044
3.1779234
3.134108
3.4032874
3.0867093
3.1347382
3.2445736
3.6300905
3.5030718
3.4526575
2.9922643
3.241761
3.2640533
3.020619
3.1733885
3.4652092
3.253371
3.3322182
3.2229493
3.3193216
3.0530024
3.3245478
2.8875954
3.2277272
3.04771
2.99165
2.9464371
3.3769197
3.1117296
3.4002738
3.3519547
3.4964817
3.1847022
3.2717166
2.877667
3.1690376
3.0790312
2.9034781
2.7879808
3.0546136
2.8888495
3.1295948
3.040709
3.2922604
3.0391152
3.0565355
2.6886005
3.0372002
3.0577931
2.998921
2.8515499
3.0877483
2.8566463
3.0821753
3.095314
3.4222271
3.0893319
3.2724662
2.8319871
3.074667
3.187205
3.1439579
2.9936333
3.4442399
3.0798624
3.3851244
3.1067777
3.6200638
3.2592158
3.1763246
2.777565
3.0667827
3.0561914
3.0843596
3.022748
3.3637853
3.1639218
3.6049037
3.4141304
3.4184794
3.037357
3.1267295
2.7685332
3.2093077
3.035152
2.8312669
2.7422414
2.9245784
2.8981419
3.1086226
3.095027
3.486105
2.9118805
2.9005365
2.6451864
2.9802034
2.905051
2.7232504
2.5781915
2.7519298
2.6580317
2.978293
3.0632162
3.1356454
2.6293507
2.7839274
2.5241804
2.9270368
2.7173603
2.5096977
2.4990044
2.62949
2.5222273
2.8369431
2.7986393
3.1806033
2.6228738
2.7819495
2.4848378
2.7998383
2.6641123
2.5822957
2.4530616
2.6729352
2.529951
2.9031765
2.9379444
3.1648574
2.614091
2.7883942
2.528158
2.954201
2.7729156
2.5943236
2.5642061
2.6477492
2.5850434
2.7123592
2.8154292
2.998119
2.56884
2.7254558
2.4400728
2.8417118
2.5469837
2.4420388
2.377658
2.4854972
2.299747
2.6643155
2.7788908
2.9395278
2.4624808
2.5047352
2.2403378
2.7580497
2.5669117
2.4262657
2.3007433
2.4332345
2.313172
2.4923635
2.595298
2.8795273
2.3811126
2.5902655
2.3609521
2.6612318
2.3639464
2.290946
2.1393952
2.3274062
2.2621706
2.5594552
2.728537
2.7317908
2.2009087
2.3798807
2.206568
2.5191298
2.415054
2.319406
2.1193311
2.1930735
2.1465805
2.3183193
2.4010887
2.5134776
2.075253
2.475051
2.1476245
2.4493034
2.057953
2.0771534
2.0189679
2.084086
2.1558392
2.561893
2.6563456
2.6188495
1.9132088
2.2303565
2.1302967
2.5950282
2.2526083
2.2608533
2.0257707
1.8874449
1.8391947
2.1005378
2.2327824
2.3842034
1.9774051
2.1740568
1.9084504
2.253224
1.9762945
2.065745
1.9205863
2.0537596
2.002372
2.25321
2.3139555
2.2880855
1.823768
2.1113448
2.034434
2.339523
2.019026
2.0614326
1.8343699
1.875528
1.8168474
2.1754332
2.1942844
2.3092124
1.8706931
2.0105186
1.8187116
2.152348
1.854887
2.0058255
1.9590119
1.8499558
1.9154482
2.0381978
2.2240613
2.1829545
1.7219926
2.0553036
1.9852095
2.2040305
2.0379143
2.106632
1.7689592
1.6597497
1.7014688
1.8591032
1.9171151
2.0570154
1.8101139
1.9341959
1.751767
2.01344
1.715104
1.8185616
1.7167381
1.6848391
1.740719
2.0508528
2.1041234
1.9986951
1.5276586
1.8032016
1.7771997
2.064299
1.7254839
1.8262899
1.7846991
1.5103259
1.5312291
1.736493
1.7729636
2.1062315
1.7456102
1.7395177
1.6247668
1.8342966
1.6808248
1.6858156
1.5823152
1.6891644
1.6096412
1.9174082
1.8637013
1.8252329
1.5263668
1.7841016
1.8648372
2.1146631
1.6268309
1.7021602
1.5395172
1.5373372
1.4945617
1.7791071
1.8604759
1.9027019
1.5049304
1.5113052
1.5326353
1.8517095
1.5287951
1.5561507
1.5927031
1.4411025
1.5075426
1.6828
1.6920663
1.8859427
1.5141137
1.6715505
1.6464428
1.8999851
1.4679723
1.6103262
1.3512819
1.3083686
1.3733482
1.5157084
1.4998689
1.6656477
1.4061642
1.4115145
1.4435647
1.7035713
1.4405246
1.3848506
1.4068837
1.2299894
1.264605
1.3945675
1.5384461
1.6007773
1.3596308
1.5122938
1.5314878
1.6956677
1.329842
1.4745085
1.3148392
1.1285063
1.2957606
1.5134834
1.4666593
1.5472695
1.3702881
1.3945948
1.4446543
1.5895528
1.3494794
1.2636364
1.2757672
1.1679794
1.1880543
1.2711493
1.3741786
1.5068654
1.2423944
1.3783715
1.3532903
1.6424041
1.3087192
1.3805645
1.2971333
1.0337042
1.1910523
1.3630037
1.3442197
1.4554607
1.3137876
1.3221967
1.3459961
1.620919
1.2448026
1.231684
1.2087231
1.0835088
1.1655709
1.1719975
1.2775214
1.4752072
1.2062659
1.3449227
1.2646588
1.490759
1.1891836
1.2611347
1.1270763
1.0071174
1.0959357
1.3110075
1.2832144
1.3445777
1.2180315
1.2469565
1.2710166
1.5176866
1.1656479
1.1038418
1.1760746
0.9444712
1.040025
1.1144625
1.2730848
1.3660676
1.0639236
1.2500105
1.2464843
1.4330988
1.0910394
1.1610614
1.1315534
0.9295519
1.0722636
1.1897647
1.2152469
1.2737764
1.1823989
1.1792825
1.2047126
1.5072972
1.1619014
1.1708736
1.0730556
0.92172116
0.9844828
1.2107987
1.2220863
1.3222979
1.1222861
1.170208
1.2161481
1.4205872
1.0469786
1.1373636
1.0766747
0.86498183
1.0415059
1.0686133
1.1720617
1.21739
1.0787407
1.1176023
1.1967394
1.3996104
1.0812848
1.0424176
1.0073819
0.7907638
0.95476925
1.0946479
1.1111876
1.1286855
1.0302474
1.1116216
1.2075115
1.3228335
1.0455391
1.1018429
0.9887566
0.8125592
0.9820799
1.0995148
1.1658095
1.1962172
1.039472
1.0690836
1.1747854
1.3768381
1.0220608
1.044046
0.9839024
0.8422871
0.96485627
1.0375104
1.1528003
1.2102966
1.0797781
1.2014412
1.1751121
1.3367834
1.0416229
1.0387325
1.0452237
0.82713455
0.94330925
1.0173767
1.0423594
1.1762778
0.9715661
1.003016
1.1235374
1.3206332
0.96157306
1.0663416
0.97576827
0.8144673
0.9421793
1.0643675
1.1297239
1.18987
1.10156
1.1125094
1.1400865
1.2946541
0.97545195
1.0283259
0.94381285
0.87052816
0.98565805
1.0184046
1.1459945
1.2559142
1.0365216
1.0474654
1.1462098
1.3379852
1.0299397
1.1165048
0.93676794
0.77935565
0.9537354
1.0797789
1.1710806
1.1425593
1.0272412
1.0897211
1.1872013
1.2805665
0.98961794
1.0534309
0.9655068
0.8479172
1.0032251
0.9939235
1.0884022
1.2157733
1.0357555
1.0161586
1.1102715
1.3684517
1.102998
1.0619353
0.9268074
0.75956607
1.0035356
1.0722404
1.2434554
1.1391865
1.002501
1.129644
1.0479971
1.1617963
0.96475524
1.0836921
0.96164155
0.7623569
0.8865651
0.8879595
0.9958377
1.150726
0.92539454
0.94393057
1.0698012
1.2965484
0.9561132
0.9927323
0.8391118
0.77167034
0.85472095
1.0233655
1.116113
1.0510607
0.99059796
0.97587407
1.0384728
1.1886315
0.9599322
1.0289874
0.9395023
0.7124025
0.88438666
0.9850889
1.007367
1.1607755
0.95246935
1.0175502
0.9887587
1.2343065
0.9916014
1.0221987
0.84394366
0.7725112
0.8682442
1.0427932
1.0962713
1.1204892
0.90817267
0.90180385
0.96545535
1.1605544
0.88804597
1.056111
0.9481235
0.756889
0.9435706
0.9400877
1.0381206
1.1436284
0.9371947
1.1748418
1.1067183
1.2788361
1.0861243
1.0262306
0.9310417
0.76911426
0.92094976
0.9936298
1.1599826
1.0910797
1.0319312
0.98152244
1.015147
1.1801125
1.0645999
1.0904008
0.9771037
0.88329226
1.0381784
0.9570427
1.0323718
1.1730274
0.9299612
1.03373
1.0680532
1.2697421
1.0094519
1.027895
0.91428316
0.7477259
0.9284455
1.0944701
1.2235168
1.044868
1.0452596
1.0230666
0.98325324
1.2108403
0.96395665
1.006978
0.9474874
0.7894203
0.9543755
0.82655036
0.9232773
1.0474545
0.9004743
0.9218561
0.9586058
1.167927
0.9325739
0.9836314
0.8794475
0.73879004
0.89122957
0.9108455
0.9892569
1.0473496
0.85514617
0.92545176
0.92752045
1.1327252
0.90236396
0.96160126
0.8842138
0.75965345
0.8657227
0.8215638
0.879334
0.9668391
0.9077328
0.84814817
0.9536978
1.2131227
0.9512227
0.931904
0.797239
0.6469209
0.7126631
0.8613326
0.93589413
0.9113326
0.8904323
0.8181747
0.92500585
1.0158411
0.8493654
0.941355
0.8365916
0.6857273
0.824212
0.8082964
0.8384342
0.85278493
0.790096
0.823362
0.9032212
1.0069667
0.7640475
0.8299256
0.7542389
0.6639358
0.75094044
0.81277066
0.9001869
0.926362
0.8318372
0.8270813
0.9206052
0.99803555
0.87360156
0.9646556
0.82813203
0.63620543
0.77809703
0.7907929
0.8527255
0.8670991
0.81388336
0.7822825
0.87464225
0.92191356
0.81318325
0.87014323
0.77613086
0.6389845
0.80083597
0.8138562
0.93449205
0.89325213
0.83399314
0.8385639
0.8415166
0.96739435
0.87443507
0.8955747
0.8320597
0.6623805
0.7990996
0.7725638
0.8550908
0.8471924
0.7928798
0.7705494
0.8724439
0.90699685
0.83811957
0.8160787
0.78443
0.672516
0.7522761
0.7506875
0.83617866
0.8121466
0.7800779
0.7757205
0.84835935
0.9061266
0.8079683
0.8210018
0.84858376
0.6768115
0.7630677
0.8047956
0.9690792
0.96257085
0.78964084
0.6772816
0.80697256
0.9604783
0.827234
0.8443863
0.7814535
0.7004731
0.742316
0.7296468
0.8801548
0.9450447
0.80539757
0.8233224
0.825745
1.0184182
0.7739692
0.81673366
0.8018283
0.6692473
0.7307624
0.78476673
0.852389
0.88542986
0.7770614
0.6701593
0.8186697
0.9243497
0.7926457
0.85742944
0.8299414
0.61180305
0.76429355
0.7941041
0.8303671
0.8164724
0.71591794
0.7623199
0.8258041
0.9956134
0.73653305
0.846053
0.83360887
0.71365637
0.7937194
0.8849734
0.9598768
0.93315196
1.0189755
0.7809659
0.92014873
0.9485922
0.99664813
0.94225484
0.8756385
0.6680102
0.8252888
0.86223483
0.91566485
1.1369284
0.7645965
0.8097476
0.88105804
0.9380839
0.7816902
0.8489284
0.75077134
0.64803845
0.80001795
0.8672274
0.9518472
0.90419
0.8485485
0.7610521
0.91260475
0.9701944
0.8495993
0.95483077
0.862177
0.7774538
0.812923
0.93419516
1.0305763
0.9111721
0.76909655
0.80705214
0.791264
0.8986229
0.89345366
0.9714528
0.7965206
0.8054552
0.81997097
0.8914638
0.9378779
1.0281461
0.9435876
0.8111925
0.89581794
1.0311117
0.9405203
1.020112
0.8893635
0.8412184
0.91928214
1.0482588
1.0147882
0.94403374
0.84228665
0.8603153
0.92935103
1.0194229
0.86203086
0.8827394
0.8278532
0.8478588
0.9045226
0.95892566
0.96657825
0.98632646
0.8533822
0.8265537
0.94670415
1.1373355
0.9639993
0.93253857
0.8413296
0.78260857
1.0295728
0.9458798
0.9526404
0.9149518
0.8703806
0.9069084
0.9938923
1.0463724
1.0315869
1.0412368
0.88131416
0.8509314
0.8492961
0.91103256
1.0171264
0.987595
0.95973545
0.8284937
0.98308694
1.0815786
0.9328209
0.9698137
0.8446837
0.8873279
0.9989113
0.89405555
1.0513594
0.9967674
0.99046916
0.805223
0.8685432
1.0912496
1.0102519
1.0879899
0.9379682
0.97444403
0.8929304
1.0175232
0.9631988
0.9857558
1.0242746
0.92042965
0.962432
1.2090472
1.0525584
1.2595854
0.8704278
0.8635842
0.9262205
0.94167167
1.0713563
0.99478495
1.0030926
0.8780753
0.9970197
1.0366626
1.0675228
0.98057836
0.86163265
0.8722248
0.9089211
0.9456723
0.92249984
0.9948476
1.0041478
0.87779516
0.95008034
1.073294
0.95033485
1.0160171
0.8420954
0.891681
0.734477
0.91225934
0.9411766
0.91261363
0.8869782
0.8263173
0.8098996
0.97450006
0.8567396
0.93367344
0.88262695
0.75627935
0.758142
0.8177708
0.9260609
0.84638983
0.8679068
0.7880299
0.87060356
0.90841395
0.91416496
0.97253317
0.87042797
0.79680973
0.86889195
0.89576936
0.9119316
0.91600436
0.89751154
0.92025304
0.81458586
0.89229655
1.0144137
1.0610101
1.0435449
0.88438237
0.95913416
0.874192
1.0920957
0.9172229
0.99544144
0.9411016
1.0023389
1.1733742
1.0686162
1.3039541
0.8854392
0.8485766
0.9719021
0.8878078
1.2194202
1.0146983
0.9032551
0.8717241
0.9904956
1.0012333
1.0386357
0.94411796
0.91887635
0.998698
0.89331865
0.90927535
1.057073
0.86122155
0.9228643
0.8036946
0.94669634
1.0386839
0.99441534
1.0763308
1.0877676
0.85793096
1.0176239
0.90000075
1.0236677
0.9294186
1.039612
1.0098848
1.0833478
1.0254604
1.2148297
1.2685392
1.020631
1.059913
1.1215477
0.99766046
1.0410805
0.90487033
0.96402794
1.0607748
0.93469405
0.9901689
1.0692453
1.2171717
1.1272092
0.91168886
1.0188115
0.92545795
1.0146706
0.93200296
1.0041845
0.89755154
0.9436985
0.97450435
1.0752356
1.2023926
0.9863714
0.846035
0.91692615
0.8472484
0.95523167
0.84901905
0.87667936
0.8908937
0.929518
1.0235246
1.0002493
0.9782609
0.89413697
0.7745931
0.8712812
0.8386739
0.81999433
0.9054335
0.8116685
0.8474
0.9137718
0.9735993
0.96333855
1.0517478
0.83125657
0.94235414
0.81168807
0.8656244
0.9482233
0.90331596
0.9512627
0.7786299
0.9987833
1.1347039
1.1074343
1.0529704
1.0704195
1.0483485
1.0319302
1.0213618
1.0828574
1.0350652
0.98343927
0.94585603
1.0349824
1.0207856
1.0118091
1.1083009
1.004703
1.050936
1.0804839
0.9141922
1.005785
0.9300964
0.97320306
1.0179662
0.9816663
0.9862985
1.024194
1.245044
1.0640019
1.0776136
1.0375224
0.89775264
1.1160145
0.9384135
0.92882735
0.7920823
0.96019864
0.97651184
1.0925062
1.0521896
1.0282785
1.0145522
1.1444215
1.0444067
1.1584599
1.0116644
0.98234254
1.1393206
1.067422
1.1099719
1.3399445
1.1772997
1.2014197
0.9639831
1.1791903
1.0912861
1.0353651
1.0141456
1.0333767
1.0114094
1.0668428
1.2045835
1.2073982
1.1554669
1.1856608
1.0662144
1.1528862
1.128579
1.181574
1.0076443
1.0431703
0.9875661
1.0336033
1.0535917
1.1854998
1.2482674
1.1182442
0.9458321
0.9598549
1.0174481
1.2015793
1.1084514
0.9375313
0.97151464
1.0532088
1.184505
1.0998873
1.1195165
1.0187652
0.8347042
1.1773474
1.3126808
1.2425975
1.1350285
1.1403323
1.0448849
1.0154473
1.4172571
1.416013
1.2922386
1.1580403
0.98839015
1.2066271
0.9706433
1.0913674
1.0974921
1.1084517
1.0693883
1.3888289
1.1655476
1.1044906
1.2623092
1.0346569
1.0490866
1.3026289
1.1279292
1.1229757
1.1018097
1.1062863
0.9622799
1.1393852
1.1525327
1.1845964
1.1951845
1.1802318
1.1805615
1.0349323
1.1045111
1.3534533
1.1987332
1.1127946
1.0962667
1.2055813
1.263683
1.268383
1.184993
1.0144588
0.9648211
0.98306274
0.95580715
1.2312821
1.1085764
1.066761
1.0553584
1.0762398
1.191341
1.1315624
1.1524775
1.0123509
0.9238743
0.9730084
1.0084074
1.0531181
1.094573
0.91959184
1.0314473
1.0238595
1.1122136
0.9806286
1.0181326
1.0258557
0.8190806
0.9783319
0.9427036
1.0282562
1.0263181
0.96217257
0.8933656
0.94593763
0.97515285
0.9967698
0.9613366
1.0857968
0.8092592
0.8182912
0.8206697
0.9218577
0.9124624
0.8134633
0.847184
1.020459
0.99362206
0.866755
0.9041915
0.92336214
0.7458242
0.7632901
0.9360268
1.0323884
0.8145651
0.82885265
0.7714575
0.98270243
1.0614563
1.0102656
0.89250976
0.95871377
0.7925019
0.86330277
0.7816542
0.94187284
0.7662697
0.8335799
0.79864526
0.9411472
0.9753655
0.97430795
0.91100717
0.9726621
0.72162265
0.8026055
0.8729242
0.9560682
1.0210631
0.8859359
0.813909
0.8553212
1.0057338
0.85014224
0.9289976
0.81858253
0.7718708
0.8158381
0.9578961
0.9530918
0.80329365
0.8169956
0.77356154
0.82085943
0.8991694
0.9005307
0.8500929
0.8492335
0.6731322
0.76643217
0.7273376
0.8767497
0.9020081
0.84880996
0.790371
0.85851365
0.87257046
0.8683844
0.8123691
0.7558107
0.64339375
0.7600336
0.73224163
0.83316994
0.7314476
0.76074976
0.6799987
0.8640663
0.8617021
0.7614771
0.76560205
0.79266196
0.631075
0.6363597
0.72072685
0.8849109
0.8419978
0.78104174
0.7478366
0.83391005
0.8415333
0.8295308
0.8594099
0.74736273
0.64527786
0.6730301
0.7315403
0.73387426
0.7446881
0.7915709
0.7077063
0.8338309
0.85960644
0.76797223
0.8885926
0.77228785
0.6773237
0.625608
0.7268961
0.7959071
0.8134446
0.709598
0.6576339
0.756427
0.8318562
0.75025654
0.72256255
0.7733469
0.5517926
0.6251479
0.7486405
0.793515
0.741405
0.7158806
0.64692014
0.7904481
0.87603027
0.72149616
0.8023797
0.7460627
0.54373217
0.5980156
0.6656348
0.70058745
0.78508604
0.7068255
0.6749185
0.83199275
0.9141434
0.7888468
0.8152851
0.8307973
0.58176774
0.6426488
0.7295256
0.7262945
0.7925865
0.81323725
0.7153199
0.82616967
0.94105244
0.7294501
0.84641737
0.7802388
0.6504676
0.63723034
0.7502298
0.747028
0.7908815
0.76054966
0.69421315
0.7959987
0.9094832
0.9007279
0.86592954
0.7904117
0.6318331
0.6683471
0.7582019
0.91149384
0.7303351
0.87429595
0.7100743
0.8282645
0.9391904
0.7544755
0.83681077
0.7561015
0.49566635
0.68984467
0.7980789
0.90405464
0.8051547
0.7598677
0.72116995
0.7890936
0.823601
0.9065334
0.8814979
0.8048866
0.6804161
0.73124295
0.65537786
0.8363781
0.75117826
0.80598485
0.67487776
0.84832484
0.87973684
0.79723275
0.7513404
0.79537815
0.4612988
0.64601165
0.7961151
0.8095292
0.7367285
0.69583845
0.6750089
0.8465164
0.8520949
0.8359916
0.78849185
0.72643685
0.62828666
0.56640315
0.7149803
0.75792813
0.7198811
0.8215543
0.61659074
0.75071555
0.9302152
0.74413407
0.760655
0.769644
0.56544036
0.69199735
0.7110947
0.75124025
0.62968457
0.79665923
0.73375833
0.720065
0.9517379
0.89466923
0.8085424
0.8891227
0.73000926
0.63345695
0.70859635
0.91576725
0.77185476
0.833387
0.67766255
0.9133875
0.89553154
0.8430884
0.7639432
0.7957822
0.63169205
0.6084479
0.7441555
0.7883047
0.7436368
0.6843542
0.62359494
0.8048183
0.9037406
0.72084546
0.7045111
0.7639412
0.6006093
0.56657857
0.71964943
0.73590446
0.70001036
0.90388024
0.64912105
0.7278686
0.8350448
0.82791686
0.7352099
0.6894374
0.63942915
0.5853612
0.7650991
0.82251954
0.73344946
0.66005665
0.668083
0.7220902
0.86273456
0.7925762
0.70769596
0.71972543
0.4951848
0.55930704
0.6378268
0.76904786
0.8070578
0.77230954
0.67466724
0.7413305
0.8312293
0.7185181
0.724382
0.70573354
0.5513628
0.675517
0.65519714
0.76614404
0.6698777
0.6541186
0.6095323
0.72582114
0.77059704
0.7659146
0.644136
0.7138396
0.6034242
0.56574017
0.66231966
0.70225537
0.681461
0.69662935
0.627515
0.6521294
0.7105502
0.7873187
0.6412897
0.6515316
0.56486976
0.54885924
0.6854888
0.6909333
0.83313996
0.70509666
0.6186818
0.7213725
0.7706133
0.6506655
0.68312347
0.73106563
0.5284505
0.5427048
0.6848846
0.66427535
0.7199687
0.7242644
0.5814425
0.6063545
0.74587196
0.7027221
0.69530165
0.6774489
0.5058476
0.6342366
0.6717115
0.67179114
0.77909297
0.6819087
0.5479399
0.7664446
0.76190895
0.66800535
0.69135386
0.7090993
0.5595431
0.5898486
0.6747842
0.7442027
0.65834785
0.7430051
0.6115419
0.7056634
0.72342116
0.71566296
0.71118367
0.67660594
0.5233984
0.5509664
0.7662599
0.69185895
0.8199975
0.70117307
0.62077194
0.7471978
0.90695816
0.72421426
0.7016674
0.7463888
0.59881973
0.66341937
0.8344606
0.76150966
0.6608939
0.7422804
0.7061804
0.68465173
0.722372
0.7501013
0.8945852
0.7409959
0.599174
0.6099709
0.71553314
0.7418757
0.8832185
0.6154232
0.6084601
0.78492403
0.7933264
0.7660092
0.723375
0.74118775
0.6788899
0.54880637
0.691444
0.66102874
0.7640024
0.7882031
0.62766397
0.6318278
0.8027682
0.73932314
0.61896604
0.77909577
0.4962338
0.58485985
0.708696
0.62237066
0.7343135
0.65940905
0.5758211
0.6963326
0.73931783
0.6745895
0.6795013
0.67854154
0.5858504
0.56763995
0.6752971
0.67720765
0.6821549
0.679148
0.5552422
0.7125161
0.7934135
0.62508833
0.68949676
0.7204343
0.5341292
0.52061
0.61687434
0.6291821
0.7292319
0.64365745
0.59737647
0.66477346
0.73571515
0.77111113
0.752818
0.7738623
0.55562824
0.6717775
0.7276198
0.80057013
0.7380229
0.6720217
0.6162359
0.6968745
0.84962386
0.77033544
0.7226435
0.67356014
0.5089623
0.54207826
0.6430013
0.6835033
0.738964
0.62879735
0.55612487
0.7219476
0.7941121
0.63294846
0.72867584
0.6162232
0.44054925
0.4995237
0.57779086
0.58373314
0.6012769
0.670788
0.56469345
0.6476838
0.70367885
0.6050655
0.6666055
0.6414417
0.49696457
0.5074723
0.5994149
0.62851906
0.66910666
0.5887534
0.57344764
0.6328777
0.68984246
0.64374405
0.6273213
0.5615372
0.38228834
0.50340796
0.59428513
0.5414897
0.6588756
0.643944
0.53887427
0.5880559
0.64219487
0.5413884
0.7100914
0.58143824
0.4520912
0.4798799
0.56494135
0.55776644
0.6181224
0.58424526
0.4918228
0.63536674
0.71689266
0.62269187
0.5881053
0.54466975
0.40027195
0.4612479
0.5639068
0.48358
0.599745
0.6083939
0.5072576
0.5789318
0.64065063
0.549134
0.5988829
0.5766765
0.3971997
0.4254023
0.5687907
0.55207735
0.6118911
0.5537683
0.5314319
0.5948356
0.64568865
0.54327124
0.5837936
0.532398
0.42003703
0.46610293
0.5060963
0.49040508
0.64317155
0.6172668
0.49456167
0.5668319
0.63972324
0.5495963
0.57485193
0.5182323
0.39489758
0.4739588
0.5434524
0.5042993
0.5825926
0.56325644
0.5422327
0.5701045
0.6919187
0.58078194
0.6020853
0.548239
0.42389756
0.4293642
0.5233389
0.49456835
0.6463817
0.54431653
0.49654996
0.549794
0.57493776
0.5287862
0.5654078
0.5112094
0.46459895
0.4277712
0.5119345
0.5071542
0.59891224
0.5303827
0.48886222
0.54573643
0.61228895
0.532161
0.56416017
0.5136159
0.39488214
0.41474387
0.49963328
0.46679902
0.59404665
0.516968
0.47564965
0.5399474
0.58742297
0.5126538
0.58732224
0.4958588
0.41425177
0.4726445
0.49791974
0.47433448
0.54203695
0.51597166
0.48974025
0.5644925
0.60392857
0.5445712
0.5453543
0.5302199
0.36568868
0.41720173
0.48728245
0.4418325
0.58251655
0.54202104
0.47671276
0.517543
0.55087066
0.476238
0.57066
0.49084127
0.40929222
0.43561217
0.49519494
0.47570398
0.51362085
0.5358639
0.49545306
0.51969206
0.62117666
0.5469998
0.51629823
0.5101674
0.4008527
0.4198309
0.466357
0.45617527
0.5867748
0.50362897
0.46935058
0.5427565
0.54516685
0.5237
0.5587985
0.48366725
0.40958628
0.41347882
0.51215243
0.4766525
0.6085061
0.51186657
0.4663785
0.55092245
0.5891234
0.5205884
0.50257355
0.5049498
0.36291105
0.3894225
0.45839432
0.4609132
0.5466325
0.48817533
0.49722916
0.49731866
0.57068175
0.4884444
0.5258808
0.48229432
0.36206022
0.3799438
0.488946
0.4648891
0.5613751
0.5075027
0.4582626
0.5324441
0.55433726
0.4968297
0.52324
0.52513045
0.3396399
0.383351
0.46333024
0.44666326
0.56202275
0.5216425
0.47497112
0.50792414
0.54585254
0.49223036
0.54064816
0.47372508
0.36370233
0.37687856
0.46303597
0.44035906
0.5623553
0.5091721
0.4777866
0.51048017
0.5393307
0.48120594
0.5080124
0.51057446
0.33886343
0.38235924
0.45490035
0.42801353
0.62167007
0.49070698
0.4605385
0.483837
0.5219164
0.47798103
0.52231634
0.47904187
0.35024363
0.36638457
0.46780518
0.42420086
0.61684155
0.50089574
0.4684127
0.5079772
0.54917324
0.51853484
0.52440226
0.49621964
0.3372723
0.37194294
0.46219188
0.42734212
0.580662
0.50951844
0.46509266
0.51285464
0.52935964
0.475312
0.51446575
0.47384006
0.3544819
0.36833096
0.47215167
0.42383155
0.55863744
0.48706448
0.47725484
0.5118582
0.51854455
0.5068061
0.514937
0.5091288
0.32497516
0.37983516
0.46311307
0.4154463
0.5550866
0.51109034
0.45888963
0.4722212
0.5477496
0.4846614
0.5311735
0.46244657
0.3547151
0.37125742
0.46683452
0.43621206
0.58506304
0.46966937
0.44542834
0.5318823
0.4987938
0.49437717
0.49098933
0.522932
0.33624586
0.3819223
0.457139
0.44214383
0.493927
0.5025426
0.46320122
0.5039495
0.5598924
0.48735526
0.51047915
0.48085162
0.33668032
0.36000758
0.47065145
0.43062958
0.5609761
0.48404497
0.48047608
0.5081021
0.5340051
0.4939823
0.5213434
0.4759284
0.30449763
0.39883927
0.4397346
0.42782718
0.5385951
0.5091771
0.4819724
0.4871398
0.6359719
0.48651046
0.5420034
0.49541995
0.3685627
0.38232318
0.5071743
0.47927424
0.5235082
0.4804067
0.45988578
0.5306403
0.5473404
0.528811
0.54737675
0.527687
0.3568086
0.40491104
0.45659253
0.45851058
0.53947574
0.53879833
0.46640846
0.48959368
0.5830814
0.5026179
0.54731745
0.49384364
0.36063927
0.37415913
0.5173138
